document,probabilities,topic,,,,,,,
earn,0.0625,0.125,0.53125,0.03125,0.0625,0.03125,0.03125,0.125,3
acq,0.165048543689,0.0873786407767,0.320388349515,0.106796116505,0.0873786407767,0.0291262135922,0.0679611650485,0.135922330097,3
earn,0.0869565217391,0.478260869565,0.0869565217391,0.0,0.173913043478,0.0,0.0,0.173913043478,2
earn,0.113636363636,0.545454545455,0.0909090909091,0.0,0.0909090909091,0.0,0.0227272727273,0.136363636364,2
earn,0.0,0.733333333333,0.0,0.0,0.0666666666667,0.0,0.0666666666667,0.133333333333,2
earn,0.1328125,0.09375,0.1328125,0.0703125,0.3046875,0.03125,0.046875,0.1875,5
earn,0.0660377358491,0.141509433962,0.320754716981,0.0566037735849,0.169811320755,0.0283018867925,0.0188679245283,0.198113207547,3
earn,0.0487804878049,0.512195121951,0.0731707317073,0.0,0.121951219512,0.0,0.0487804878049,0.19512195122,2
earn,0.0,0.41935483871,0.0,0.0,0.161290322581,0.0,0.129032258065,0.290322580645,2
earn,0.0769230769231,0.307692307692,0.307692307692,0.0769230769231,0.0,0.0,0.0,0.230769230769,2
earn,0.0810810810811,0.513513513514,0.0540540540541,0.0540540540541,0.0810810810811,0.027027027027,0.027027027027,0.162162162162,2
earn,0.0,0.647058823529,0.0,0.0,0.117647058824,0.0588235294118,0.0,0.176470588235,2
earn,0.125,0.075,0.275,0.125,0.125,0.0,0.05,0.225,3
earn,0.0454545454545,0.659090909091,0.0909090909091,0.0,0.0227272727273,0.0227272727273,0.0227272727273,0.136363636364,2
acq,0.150289017341,0.0404624277457,0.21387283237,0.0982658959538,0.184971098266,0.0924855491329,0.115606936416,0.104046242775,3
trade,0.0526315789474,0.0315789473684,0.0736842105263,0.0526315789474,0.252631578947,0.147368421053,0.326315789474,0.0631578947368,7
ship,0.0,0.0851063829787,0.0212765957447,0.36170212766,0.063829787234,0.31914893617,0.063829787234,0.0851063829787,4
earn,0.0,0.260869565217,0.260869565217,0.0434782608696,0.130434782609,0.0,0.0,0.304347826087,8
earn,0.0,0.6,0.1,0.0,0.0,0.0,0.0,0.3,2
earn,0.126436781609,0.0919540229885,0.16091954023,0.0689655172414,0.264367816092,0.0229885057471,0.0459770114943,0.218390804598,5
ship,0.0396825396825,0.031746031746,0.150793650794,0.0873015873016,0.126984126984,0.420634920635,0.0952380952381,0.047619047619,6
earn,0.111111111111,0.148148148148,0.0,0.148148148148,0.148148148148,0.037037037037,0.0740740740741,0.333333333333,8
earn,0.0,0.578947368421,0.0,0.0526315789474,0.105263157895,0.0526315789474,0.0,0.210526315789,2
earn,0.166666666667,0.583333333333,0.0833333333333,0.0,0.0555555555556,0.0,0.0277777777778,0.0833333333333,2
acq,0.161290322581,0.193548387097,0.129032258065,0.161290322581,0.0,0.0967741935484,0.0645161290323,0.193548387097,2
earn,0.0,0.230769230769,0.384615384615,0.0769230769231,0.0769230769231,0.0,0.0,0.230769230769,3
earn,0.0,0.425531914894,0.212765957447,0.0851063829787,0.106382978723,0.0212765957447,0.0212765957447,0.127659574468,2
earn,0.0652173913043,0.282608695652,0.152173913043,0.0434782608696,0.0434782608696,0.0869565217391,0.282608695652,0.0434782608696,2
earn,0.04,0.2,0.4,0.08,0.12,0.08,0.04,0.04,3
earn,0.0,0.454545454545,0.181818181818,0.0909090909091,0.0,0.0909090909091,0.0909090909091,0.0909090909091,2
earn,0.0,0.2,0.4,0.0,0.0,0.1,0.1,0.2,3
earn,0.0,0.380952380952,0.190476190476,0.0,0.047619047619,0.0,0.0952380952381,0.285714285714,2
earn,0.0,0.3,0.3,0.1,0.1,0.0,0.0,0.2,2
earn,0.0,0.5,0.1,0.0,0.05,0.0,0.0,0.35,2
acq,0.0,0.128205128205,0.512820512821,0.0769230769231,0.102564102564,0.102564102564,0.0512820512821,0.025641025641,3
earn,0.0740740740741,0.555555555556,0.037037037037,0.0,0.0740740740741,0.037037037037,0.0,0.222222222222,2
earn,0.0,0.454545454545,0.363636363636,0.0,0.0,0.0,0.0,0.181818181818,2
acq,0.102836879433,0.0354609929078,0.191489361702,0.141843971631,0.262411347518,0.0602836879433,0.0815602836879,0.124113475177,5
earn,0.0227272727273,0.0909090909091,0.409090909091,0.0681818181818,0.0681818181818,0.0454545454545,0.0909090909091,0.204545454545,3
earn,0.101694915254,0.0338983050847,0.0338983050847,0.101694915254,0.28813559322,0.0338983050847,0.0508474576271,0.35593220339,8
grain,0.125,0.025,0.15,0.05,0.25,0.125,0.15,0.125,5
acq,0.0425531914894,0.0425531914894,0.468085106383,0.106382978723,0.148936170213,0.106382978723,0.0212765957447,0.063829787234,3
earn,0.0869565217391,0.695652173913,0.0,0.0434782608696,0.0869565217391,0.0,0.0,0.0869565217391,2
crude,0.051724137931,0.0,0.103448275862,0.258620689655,0.189655172414,0.051724137931,0.103448275862,0.241379310345,4
acq,0.15,0.05,0.75,0.05,0.0,0.0,0.0,0.0,3
earn,0.4,0.2,0.2,0.0,0.0,0.2,0.0,0.0,1
earn,0.0958904109589,0.0821917808219,0.0958904109589,0.205479452055,0.164383561644,0.0547945205479,0.041095890411,0.260273972603,8
acq,0.2,0.08,0.08,0.28,0.04,0.0,0.12,0.2,4
acq,0.120689655172,0.137931034483,0.344827586207,0.0862068965517,0.120689655172,0.0344827586207,0.051724137931,0.103448275862,3
grain,0.062015503876,0.0,0.240310077519,0.077519379845,0.271317829457,0.100775193798,0.124031007752,0.124031007752,5
earn,0.0625,0.59375,0.0,0.0,0.125,0.03125,0.0625,0.125,2
earn,0.0,0.166666666667,0.5,0.0,0.0833333333333,0.0833333333333,0.0,0.166666666667,3
earn,0.0,0.642857142857,0.0,0.107142857143,0.0357142857143,0.0,0.0714285714286,0.142857142857,2
earn,0.0714285714286,0.428571428571,0.0,0.0714285714286,0.0,0.0714285714286,0.0,0.357142857143,2
earn,0.0909090909091,0.272727272727,0.0909090909091,0.0,0.0,0.0909090909091,0.0,0.454545454545,8
crude,0.0867579908676,0.0182648401826,0.0776255707763,0.251141552511,0.13698630137,0.214611872146,0.155251141553,0.0593607305936,4
earn,0.0769230769231,0.153846153846,0.153846153846,0.141025641026,0.0641025641026,0.0769230769231,0.0512820512821,0.282051282051,8
earn,0.0769230769231,0.153846153846,0.384615384615,0.0384615384615,0.0384615384615,0.0384615384615,0.0,0.269230769231,3
earn,0.0810810810811,0.0810810810811,0.405405405405,0.108108108108,0.135135135135,0.0540540540541,0.027027027027,0.108108108108,3
earn,0.0,0.72,0.08,0.0,0.04,0.08,0.0,0.08,2
earn,0.0,0.363636363636,0.0909090909091,0.0,0.0,0.181818181818,0.0909090909091,0.272727272727,2
acq,0.134615384615,0.0384615384615,0.384615384615,0.115384615385,0.115384615385,0.0576923076923,0.0769230769231,0.0769230769231,3
acq,0.0897435897436,0.0641025641026,0.166666666667,0.0512820512821,0.397435897436,0.128205128205,0.0512820512821,0.0512820512821,5
earn,0.181818181818,0.515151515152,0.0606060606061,0.030303030303,0.0606060606061,0.030303030303,0.0,0.121212121212,2
acq,0.260869565217,0.0,0.391304347826,0.0434782608696,0.130434782609,0.0869565217391,0.0434782608696,0.0434782608696,3
earn,0.0,0.5,0.1,0.0,0.0,0.0,0.2,0.2,2
earn,0.0,0.611111111111,0.0555555555556,0.0,0.0555555555556,0.0,0.0,0.277777777778,2
earn,0.0,0.285714285714,0.357142857143,0.0,0.0,0.142857142857,0.0714285714286,0.142857142857,3
earn,0.0,0.333333333333,0.25,0.0833333333333,0.166666666667,0.0833333333333,0.0,0.0833333333333,2
earn,0.0,0.521739130435,0.0869565217391,0.0869565217391,0.0,0.0,0.0434782608696,0.260869565217,2
earn,0.15,0.3,0.05,0.1,0.1,0.0,0.05,0.25,2
earn,0.0416666666667,0.625,0.0416666666667,0.0,0.0833333333333,0.0,0.0,0.208333333333,2
earn,0.0,0.8,0.0,0.0,0.0,0.0,0.0666666666667,0.133333333333,2
acq,0.391304347826,0.0,0.391304347826,0.173913043478,0.0,0.0,0.0,0.0434782608696,1
acq,0.0909090909091,0.0909090909091,0.272727272727,0.272727272727,0.0909090909091,0.0,0.0,0.181818181818,3
earn,0.0,0.421052631579,0.157894736842,0.0,0.105263157895,0.0,0.0,0.315789473684,2
crude,0.3,0.1,0.1,0.1,0.2,0.0,0.0,0.2,1
crude,0.0810810810811,0.027027027027,0.0810810810811,0.27027027027,0.0810810810811,0.0810810810811,0.108108108108,0.27027027027,4
crude,0.116279069767,0.0232558139535,0.116279069767,0.348837209302,0.046511627907,0.0697674418605,0.0697674418605,0.209302325581,4
earn,0.0,0.727272727273,0.0,0.0,0.0909090909091,0.0909090909091,0.0,0.0909090909091,2
acq,0.19512195122,0.0487804878049,0.341463414634,0.0,0.0731707317073,0.0487804878049,0.121951219512,0.170731707317,3
earn,0.0,0.55,0.15,0.0,0.05,0.0,0.0,0.25,2
earn,0.0294117647059,0.529411764706,0.0882352941176,0.0,0.147058823529,0.0294117647059,0.0,0.176470588235,2
earn,0.116279069767,0.581395348837,0.093023255814,0.0,0.0232558139535,0.046511627907,0.046511627907,0.093023255814,2
crude,0.0566037735849,0.0943396226415,0.264150943396,0.0754716981132,0.245283018868,0.0188679245283,0.0943396226415,0.150943396226,3
earn,0.0294117647059,0.647058823529,0.0,0.0294117647059,0.0588235294118,0.0588235294118,0.0,0.176470588235,2
earn,0.0689655172414,0.120689655172,0.51724137931,0.0172413793103,0.051724137931,0.0344827586207,0.051724137931,0.137931034483,3
interest,0.0920245398773,0.0306748466258,0.171779141104,0.0674846625767,0.319018404908,0.0368098159509,0.20245398773,0.079754601227,5
interest,0.031746031746,0.0634920634921,0.126984126984,0.0793650793651,0.47619047619,0.015873015873,0.0952380952381,0.111111111111,5
crude,0.0958333333333,0.0125,0.120833333333,0.245833333333,0.0708333333333,0.15,0.191666666667,0.1125,4
crude,0.06640625,0.02734375,0.0859375,0.0703125,0.19140625,0.23046875,0.21875,0.109375,6
crude,0.0987654320988,0.0123456790123,0.0987654320988,0.259259259259,0.185185185185,0.185185185185,0.0987654320988,0.0617283950617,4
crude,0.045197740113,0.00564971751412,0.0564971751412,0.175141242938,0.231638418079,0.146892655367,0.158192090395,0.180790960452,5
money-fx,0.0565371024735,0.0388692579505,0.141342756184,0.201413427562,0.250883392226,0.0671378091873,0.120141342756,0.123674911661,5
crude,0.0829015544041,0.0155440414508,0.0673575129534,0.279792746114,0.103626943005,0.150259067358,0.19689119171,0.103626943005,4
money-fx,0.0925925925926,0.0,0.138888888889,0.0277777777778,0.111111111111,0.0925925925926,0.453703703704,0.0833333333333,7
acq,0.118421052632,0.0921052631579,0.0789473684211,0.0526315789474,0.236842105263,0.118421052632,0.0921052631579,0.210526315789,5
trade,0.0,0.0192307692308,0.0961538461538,0.0961538461538,0.192307692308,0.0,0.288461538462,0.307692307692,8
crude,0.045,0.02,0.115,0.315,0.095,0.075,0.205,0.13,4
earn,0.0789473684211,0.0921052631579,0.0263157894737,0.0789473684211,0.236842105263,0.105263157895,0.105263157895,0.276315789474,8
ship,0.125,0.03125,0.109375,0.171875,0.15625,0.265625,0.078125,0.0625,6
acq,0.0,0.0,0.285714285714,0.285714285714,0.285714285714,0.142857142857,0.0,0.0,3
earn,0.0645161290323,0.58064516129,0.0967741935484,0.0,0.0645161290323,0.0322580645161,0.0,0.161290322581,2
acq,0.078125,0.03125,0.447916666667,0.078125,0.114583333333,0.0885416666667,0.0729166666667,0.0885416666667,3
acq,0.0714285714286,0.112244897959,0.255102040816,0.204081632653,0.183673469388,0.0510204081633,0.030612244898,0.0918367346939,3
acq,0.125,0.125,0.3,0.05,0.175,0.05,0.05,0.125,3
earn,0.110091743119,0.0183486238532,0.100917431193,0.100917431193,0.302752293578,0.0733944954128,0.0917431192661,0.201834862385,5
interest,0.0679611650485,0.0291262135922,0.126213592233,0.0485436893204,0.47572815534,0.0776699029126,0.106796116505,0.0679611650485,5
acq,0.131578947368,0.0197368421053,0.302631578947,0.0855263157895,0.171052631579,0.105263157895,0.0986842105263,0.0855263157895,3
acq,0.204545454545,0.0227272727273,0.227272727273,0.136363636364,0.136363636364,0.0681818181818,0.0681818181818,0.136363636364,3
trade,0.0576923076923,0.0192307692308,0.0961538461538,0.0576923076923,0.25,0.25,0.25,0.0192307692308,5
trade,0.0589970501475,0.0147492625369,0.0648967551622,0.070796460177,0.182890855457,0.212389380531,0.342182890855,0.0530973451327,7
earn,0.0816326530612,0.102040816327,0.224489795918,0.0408163265306,0.265306122449,0.0816326530612,0.122448979592,0.0816326530612,5
crude,0.0793650793651,0.0,0.015873015873,0.47619047619,0.047619047619,0.174603174603,0.174603174603,0.031746031746,4
crude,0.144927536232,0.0144927536232,0.0434782608696,0.391304347826,0.0579710144928,0.130434782609,0.188405797101,0.0289855072464,4
crude,0.0793650793651,0.015873015873,0.0634920634921,0.253968253968,0.0793650793651,0.190476190476,0.238095238095,0.0793650793651,4
trade,0.0738255033557,0.0201342281879,0.134228187919,0.0536912751678,0.134228187919,0.0536912751678,0.402684563758,0.127516778523,7
earn,0.1004784689,0.0861244019139,0.210526315789,0.0622009569378,0.22009569378,0.0622009569378,0.0909090909091,0.167464114833,5
acq,0.134615384615,0.134615384615,0.230769230769,0.0961538461538,0.0961538461538,0.0576923076923,0.0576923076923,0.192307692308,3
acq,0.12734082397,0.0486891385768,0.183520599251,0.112359550562,0.243445692884,0.0674157303371,0.0861423220974,0.131086142322,5
acq,0.0757575757576,0.030303030303,0.378787878788,0.0454545454545,0.19696969697,0.0757575757576,0.0454545454545,0.151515151515,3
acq,0.203703703704,0.0555555555556,0.240740740741,0.0555555555556,0.0740740740741,0.111111111111,0.111111111111,0.148148148148,3
acq,0.0851063829787,0.0,0.255319148936,0.148936170213,0.0212765957447,0.0212765957447,0.31914893617,0.148936170213,7
acq,0.167938931298,0.0343511450382,0.263358778626,0.213740458015,0.12213740458,0.0381679389313,0.0725190839695,0.087786259542,3
acq,0.227272727273,0.0909090909091,0.181818181818,0.181818181818,0.0909090909091,0.0454545454545,0.0,0.181818181818,1
earn,0.0294117647059,0.294117647059,0.117647058824,0.0294117647059,0.352941176471,0.0,0.0,0.176470588235,5
acq,0.166666666667,0.0416666666667,0.291666666667,0.0416666666667,0.125,0.0833333333333,0.0416666666667,0.208333333333,3
earn,0.0961538461538,0.0961538461538,0.288461538462,0.0192307692308,0.173076923077,0.0384615384615,0.0769230769231,0.211538461538,3
acq,0.0,0.0,0.5,0.0,0.166666666667,0.0,0.166666666667,0.166666666667,3
acq,0.102564102564,0.0769230769231,0.333333333333,0.0769230769231,0.102564102564,0.128205128205,0.025641025641,0.153846153846,3
earn,0.0384615384615,0.576923076923,0.0384615384615,0.0384615384615,0.0,0.0769230769231,0.0769230769231,0.153846153846,2
acq,0.320754716981,0.0566037735849,0.169811320755,0.0188679245283,0.188679245283,0.0377358490566,0.169811320755,0.0377358490566,1
earn,0.0826446280992,0.099173553719,0.157024793388,0.0909090909091,0.181818181818,0.0909090909091,0.099173553719,0.198347107438,8
earn,0.0,0.25,0.25,0.0,0.0,0.0,0.0,0.5,8
acq,0.0423728813559,0.0508474576271,0.381355932203,0.0508474576271,0.161016949153,0.101694915254,0.101694915254,0.110169491525,3
earn,0.111111111111,0.111111111111,0.444444444444,0.0,0.0,0.0,0.111111111111,0.222222222222,3
acq,0.166666666667,0.0,0.5,0.0,0.166666666667,0.0,0.0,0.166666666667,3
earn,0.0,0.722222222222,0.0555555555556,0.0,0.166666666667,0.0555555555556,0.0,0.0,2
acq,0.333333333333,0.0,0.5,0.0,0.0,0.166666666667,0.0,0.0,3
acq,0.0625,0.03125,0.40625,0.09375,0.09375,0.0,0.046875,0.265625,3
earn,0.0333333333333,0.0666666666667,0.4,0.133333333333,0.0666666666667,0.0,0.1,0.2,3
earn,0.105263157895,0.105263157895,0.421052631579,0.105263157895,0.0526315789474,0.0,0.0,0.210526315789,3
earn,0.0,0.15,0.5,0.0,0.25,0.0,0.05,0.05,3
earn,0.0555555555556,0.222222222222,0.5,0.0555555555556,0.0555555555556,0.0,0.0,0.111111111111,3
acq,0.141176470588,0.0588235294118,0.329411764706,0.141176470588,0.0823529411765,0.0823529411765,0.0235294117647,0.141176470588,3
earn,0.0444444444444,0.155555555556,0.2,0.0888888888889,0.111111111111,0.0222222222222,0.0444444444444,0.333333333333,8
earn,0.0,0.307692307692,0.230769230769,0.0,0.0,0.0769230769231,0.0769230769231,0.307692307692,2
acq,0.222222222222,0.0,0.222222222222,0.222222222222,0.111111111111,0.111111111111,0.0,0.111111111111,1
earn,0.0263157894737,0.447368421053,0.131578947368,0.0263157894737,0.0526315789474,0.0526315789474,0.0526315789474,0.210526315789,2
earn,0.051724137931,0.413793103448,0.0862068965517,0.0689655172414,0.0862068965517,0.0344827586207,0.0172413793103,0.241379310345,2
earn,0.0833333333333,0.166666666667,0.166666666667,0.166666666667,0.166666666667,0.0,0.0,0.25,8
acq,0.176470588235,0.0588235294118,0.43137254902,0.0980392156863,0.078431372549,0.078431372549,0.0392156862745,0.0392156862745,3
earn,0.151162790698,0.174418604651,0.209302325581,0.0813953488372,0.139534883721,0.0581395348837,0.0116279069767,0.174418604651,3
acq,0.186046511628,0.0232558139535,0.395348837209,0.093023255814,0.186046511628,0.0,0.093023255814,0.0232558139535,3
earn,0.0,0.285714285714,0.047619047619,0.0952380952381,0.333333333333,0.0,0.0952380952381,0.142857142857,5
earn,0.047619047619,0.333333333333,0.047619047619,0.047619047619,0.380952380952,0.047619047619,0.0,0.0952380952381,5
acq,0.166666666667,0.166666666667,0.0,0.0,0.0,0.166666666667,0.166666666667,0.333333333333,8
acq,0.232876712329,0.0547945205479,0.287671232877,0.0547945205479,0.150684931507,0.041095890411,0.0821917808219,0.0958904109589,3
acq,0.189189189189,0.0540540540541,0.324324324324,0.0540540540541,0.0810810810811,0.0,0.0540540540541,0.243243243243,3
acq,0.243243243243,0.0810810810811,0.189189189189,0.027027027027,0.0540540540541,0.0,0.0540540540541,0.351351351351,8
earn,0.025,0.6,0.1,0.0,0.05,0.0,0.025,0.2,2
earn,0.0,0.4,0.0,0.0,0.0,0.0,0.0,0.6,8
earn,0.0,0.75,0.0,0.05,0.1,0.0,0.0,0.1,2
crude,0.1,0.0,0.1,0.3,0.1,0.0,0.3,0.1,4
earn,0.0,0.272727272727,0.363636363636,0.0,0.0,0.0909090909091,0.0,0.272727272727,3
earn,0.0625,0.25,0.3125,0.0,0.0625,0.0,0.1875,0.125,3
earn,0.0,0.6875,0.0625,0.0,0.0,0.0625,0.0,0.1875,2
acq,0.48275862069,0.103448275862,0.103448275862,0.137931034483,0.0,0.0344827586207,0.103448275862,0.0344827586207,1
earn,0.0,0.166666666667,0.222222222222,0.0,0.0555555555556,0.0555555555556,0.0555555555556,0.444444444444,8
acq,0.295454545455,0.0681818181818,0.204545454545,0.0681818181818,0.181818181818,0.0454545454545,0.0681818181818,0.0681818181818,1
acq,0.130434782609,0.0869565217391,0.217391304348,0.173913043478,0.108695652174,0.0869565217391,0.0434782608696,0.152173913043,3
earn,0.117647058824,0.176470588235,0.411764705882,0.0294117647059,0.0882352941176,0.0294117647059,0.0,0.147058823529,3
earn,0.0,0.55,0.05,0.0,0.1,0.0,0.05,0.25,2
earn,0.0,0.666666666667,0.166666666667,0.0,0.0833333333333,0.0416666666667,0.0,0.0416666666667,2
crude,0.0813953488372,0.0,0.104651162791,0.186046511628,0.232558139535,0.0232558139535,0.220930232558,0.151162790698,5
earn,0.0740740740741,0.5,0.0185185185185,0.0185185185185,0.166666666667,0.0,0.0740740740741,0.148148148148,2
earn,0.0,0.5,0.1,0.0,0.0,0.0,0.1,0.3,2
acq,0.144859813084,0.0373831775701,0.308411214953,0.0700934579439,0.163551401869,0.0981308411215,0.0560747663551,0.121495327103,3
acq,0.075,0.0,0.075,0.125,0.075,0.15,0.3,0.2,7
acq,0.4,0.0,0.233333333333,0.0333333333333,0.0666666666667,0.0666666666667,0.1,0.1,1
crude,0.0818181818182,0.0181818181818,0.109090909091,0.163636363636,0.254545454545,0.0636363636364,0.190909090909,0.118181818182,5
acq,0.0952380952381,0.0238095238095,0.0357142857143,0.0714285714286,0.154761904762,0.142857142857,0.202380952381,0.27380952381,8
acq,0.261538461538,0.0307692307692,0.107692307692,0.0923076923077,0.153846153846,0.0615384615385,0.138461538462,0.153846153846,1
earn,0.0714285714286,0.142857142857,0.285714285714,0.142857142857,0.0714285714286,0.0,0.142857142857,0.142857142857,3
earn,0.0,0.357142857143,0.357142857143,0.0714285714286,0.0714285714286,0.0,0.0,0.142857142857,2
earn,0.0714285714286,0.214285714286,0.142857142857,0.0714285714286,0.0714285714286,0.0714285714286,0.0714285714286,0.285714285714,8
crude,0.25,0.0,0.125,0.375,0.0,0.0,0.125,0.125,4
earn,0.0714285714286,0.5,0.142857142857,0.0,0.0,0.0714285714286,0.0714285714286,0.142857142857,2
earn,0.133333333333,0.333333333333,0.266666666667,0.0666666666667,0.0,0.0,0.0666666666667,0.133333333333,2
earn,0.0714285714286,0.285714285714,0.285714285714,0.0714285714286,0.0,0.0,0.142857142857,0.142857142857,2
earn,0.0909090909091,0.545454545455,0.0,0.0,0.0909090909091,0.181818181818,0.0,0.0909090909091,2
ship,0.0246913580247,0.0493827160494,0.0740740740741,0.172839506173,0.0617283950617,0.37037037037,0.16049382716,0.0864197530864,6
earn,0.0909090909091,0.454545454545,0.181818181818,0.0,0.0909090909091,0.0,0.0909090909091,0.0909090909091,2
earn,0.0943396226415,0.0943396226415,0.11320754717,0.0188679245283,0.320754716981,0.0566037735849,0.0566037735849,0.245283018868,5
earn,0.0555555555556,0.611111111111,0.0,0.0,0.0,0.111111111111,0.0,0.222222222222,2
earn,0.0833333333333,0.416666666667,0.0833333333333,0.0833333333333,0.0,0.0,0.0833333333333,0.25,2
earn,0.0625,0.395833333333,0.0625,0.0416666666667,0.0833333333333,0.0416666666667,0.0416666666667,0.270833333333,2
earn,0.0666666666667,0.333333333333,0.333333333333,0.0666666666667,0.0,0.0,0.0,0.2,2
acq,0.137931034483,0.103448275862,0.310344827586,0.172413793103,0.103448275862,0.0,0.0,0.172413793103,3
earn,0.0,0.578947368421,0.105263157895,0.0526315789474,0.105263157895,0.0,0.0,0.157894736842,2
earn,0.0,0.6875,0.1875,0.0625,0.0,0.0,0.0,0.0625,2
earn,0.0,0.722222222222,0.111111111111,0.0,0.0,0.0,0.0,0.166666666667,2
earn,0.0909090909091,0.272727272727,0.181818181818,0.0909090909091,0.0,0.0909090909091,0.0,0.272727272727,2
earn,0.0769230769231,0.717948717949,0.0,0.0,0.0,0.0,0.0,0.205128205128,2
earn,0.0,0.625,0.0625,0.0625,0.0,0.0,0.0,0.25,2
earn,0.148148148148,0.407407407407,0.111111111111,0.037037037037,0.037037037037,0.0,0.037037037037,0.222222222222,2
crude,0.11320754717,0.0566037735849,0.0754716981132,0.188679245283,0.0943396226415,0.11320754717,0.11320754717,0.245283018868,8
acq,0.0789473684211,0.0526315789474,0.412280701754,0.0438596491228,0.0526315789474,0.0701754385965,0.184210526316,0.105263157895,3
earn,0.0,0.384615384615,0.153846153846,0.230769230769,0.0,0.0,0.153846153846,0.0769230769231,2
acq,0.111111111111,0.0833333333333,0.472222222222,0.111111111111,0.0277777777778,0.0833333333333,0.0277777777778,0.0833333333333,3
earn,0.0,0.272727272727,0.272727272727,0.181818181818,0.0,0.0,0.0,0.272727272727,2
acq,0.246575342466,0.109589041096,0.109589041096,0.0684931506849,0.123287671233,0.123287671233,0.123287671233,0.0958904109589,1
acq,0.22641509434,0.0377358490566,0.339622641509,0.11320754717,0.0188679245283,0.0566037735849,0.0566037735849,0.150943396226,3
earn,0.125,0.166666666667,0.125,0.0833333333333,0.125,0.0416666666667,0.0,0.333333333333,8
acq,0.243243243243,0.027027027027,0.243243243243,0.108108108108,0.0810810810811,0.027027027027,0.027027027027,0.243243243243,1
earn,0.0,0.333333333333,0.25,0.0833333333333,0.0833333333333,0.0,0.0,0.25,2
earn,0.0263157894737,0.131578947368,0.473684210526,0.0263157894737,0.0789473684211,0.0526315789474,0.0526315789474,0.157894736842,3
earn,0.0,0.516129032258,0.0645161290323,0.0,0.0967741935484,0.0,0.0,0.322580645161,2
acq,0.277777777778,0.0,0.388888888889,0.0,0.0555555555556,0.166666666667,0.0,0.111111111111,3
acq,0.121212121212,0.121212121212,0.454545454545,0.0606060606061,0.0909090909091,0.0,0.0,0.151515151515,3
earn,0.0,0.764705882353,0.0,0.0,0.0,0.0,0.0588235294118,0.176470588235,2
ship,0.15873015873,0.111111111111,0.174603174603,0.0714285714286,0.134920634921,0.0873015873016,0.174603174603,0.0873015873016,3
acq,0.15625,0.0,0.25,0.25,0.09375,0.03125,0.03125,0.1875,3
earn,0.116279069767,0.53488372093,0.046511627907,0.0,0.0697674418605,0.0,0.0697674418605,0.162790697674,2
acq,0.1,0.0,0.333333333333,0.0666666666667,0.1,0.2,0.0333333333333,0.166666666667,3
earn,0.111111111111,0.388888888889,0.0555555555556,0.0,0.166666666667,0.0,0.0,0.277777777778,2
earn,0.125,0.125,0.208333333333,0.0,0.291666666667,0.0833333333333,0.0833333333333,0.0833333333333,5
earn,0.0,0.0,0.666666666667,0.0,0.0,0.0,0.333333333333,0.0,3
earn,0.0,0.25,0.2,0.0,0.1,0.05,0.1,0.3,8
earn,0.0,0.315789473684,0.368421052632,0.0526315789474,0.0526315789474,0.0526315789474,0.0,0.157894736842,3
earn,0.1,0.25,0.3,0.05,0.05,0.0,0.1,0.15,3
earn,0.0,0.25,0.35,0.0,0.05,0.05,0.05,0.25,3
earn,0.0,0.190476190476,0.333333333333,0.047619047619,0.047619047619,0.0952380952381,0.0,0.285714285714,3
earn,0.0841121495327,0.121495327103,0.196261682243,0.0841121495327,0.0934579439252,0.0467289719626,0.11214953271,0.261682242991,8
earn,0.0,0.636363636364,0.0909090909091,0.0,0.0909090909091,0.0,0.0,0.181818181818,2
earn,0.133333333333,0.666666666667,0.0,0.0,0.0666666666667,0.0,0.0,0.133333333333,2
earn,0.0,0.25,0.25,0.0,0.05,0.05,0.1,0.3,8
earn,0.136363636364,0.227272727273,0.181818181818,0.0454545454545,0.0909090909091,0.0,0.136363636364,0.181818181818,2
earn,0.0,0.260869565217,0.260869565217,0.0,0.173913043478,0.0869565217391,0.0,0.217391304348,2
acq,0.3125,0.0625,0.15625,0.0625,0.03125,0.125,0.09375,0.15625,1
crude,0.0890410958904,0.0,0.150684931507,0.157534246575,0.267123287671,0.0684931506849,0.150684931507,0.116438356164,5
acq,0.0634920634921,0.0952380952381,0.349206349206,0.111111111111,0.0793650793651,0.0952380952381,0.0793650793651,0.126984126984,3
earn,0.0,0.307692307692,0.461538461538,0.0,0.0,0.0,0.0,0.230769230769,3
acq,0.0,0.0,0.833333333333,0.166666666667,0.0,0.0,0.0,0.0,3
acq,0.391304347826,0.0217391304348,0.173913043478,0.0869565217391,0.0869565217391,0.0217391304348,0.0652173913043,0.152173913043,1
acq,0.0889570552147,0.0460122699387,0.30981595092,0.0858895705521,0.193251533742,0.0674846625767,0.0950920245399,0.113496932515,3
earn,0.0,0.529411764706,0.0294117647059,0.0,0.117647058824,0.0,0.0294117647059,0.294117647059,2
trade,0.070351758794,0.0251256281407,0.0753768844221,0.150753768844,0.276381909548,0.0502512562814,0.27135678392,0.0804020100503,5
earn,0.111111111111,0.333333333333,0.111111111111,0.111111111111,0.0,0.0,0.0,0.333333333333,2
acq,0.173913043478,0.0217391304348,0.195652173913,0.0434782608696,0.195652173913,0.130434782609,0.130434782609,0.108695652174,3
acq,0.315789473684,0.0,0.315789473684,0.131578947368,0.184210526316,0.0263157894737,0.0263157894737,0.0,1
earn,0.047619047619,0.404761904762,0.0952380952381,0.0,0.0714285714286,0.047619047619,0.0714285714286,0.261904761905,2
earn,0.046511627907,0.558139534884,0.046511627907,0.0,0.116279069767,0.0,0.0232558139535,0.209302325581,2
acq,0.0555555555556,0.0555555555556,0.555555555556,0.0740740740741,0.0555555555556,0.0740740740741,0.0555555555556,0.0740740740741,3
acq,0.1,0.0333333333333,0.45,0.0,0.166666666667,0.0666666666667,0.0666666666667,0.116666666667,3
earn,0.0434782608696,0.652173913043,0.0,0.0,0.130434782609,0.0,0.0,0.173913043478,2
acq,0.214285714286,0.0238095238095,0.0952380952381,0.380952380952,0.047619047619,0.0,0.047619047619,0.190476190476,4
acq,0.148936170213,0.0,0.340425531915,0.106382978723,0.148936170213,0.0,0.0212765957447,0.234042553191,3
earn,0.0,0.692307692308,0.025641025641,0.0512820512821,0.025641025641,0.025641025641,0.025641025641,0.153846153846,2
acq,0.290322580645,0.0645161290323,0.225806451613,0.129032258065,0.0967741935484,0.0322580645161,0.0645161290323,0.0967741935484,1
earn,0.125,0.109375,0.15625,0.140625,0.078125,0.0625,0.015625,0.3125,8
acq,0.466666666667,0.0,0.0666666666667,0.2,0.0666666666667,0.0,0.133333333333,0.0666666666667,1
acq,0.2,0.0453333333333,0.261333333333,0.072,0.136,0.08,0.0853333333333,0.12,3
earn,0.1,0.7,0.0,0.0,0.0,0.0,0.0,0.2,2
acq,0.08,0.04,0.36,0.12,0.12,0.04,0.12,0.12,3
earn,0.117647058824,0.529411764706,0.0,0.0,0.117647058824,0.0,0.117647058824,0.117647058824,2
acq,0.241379310345,0.0862068965517,0.206896551724,0.0689655172414,0.0862068965517,0.0344827586207,0.0689655172414,0.206896551724,1
acq,0.228571428571,0.0857142857143,0.314285714286,0.0285714285714,0.0857142857143,0.0571428571429,0.0285714285714,0.171428571429,3
acq,0.166666666667,0.0833333333333,0.194444444444,0.0277777777778,0.138888888889,0.111111111111,0.166666666667,0.111111111111,3
acq,0.127819548872,0.0526315789474,0.233082706767,0.270676691729,0.112781954887,0.0827067669173,0.0375939849624,0.0827067669173,4
earn,0.0555555555556,0.611111111111,0.0555555555556,0.0555555555556,0.0,0.0,0.0555555555556,0.166666666667,2
earn,0.0263157894737,0.526315789474,0.0789473684211,0.0263157894737,0.0,0.0,0.0,0.342105263158,2
earn,0.0,0.2,0.3,0.1,0.0,0.1,0.0,0.3,3
earn,0.0,0.5,0.166666666667,0.0,0.0555555555556,0.0555555555556,0.0,0.222222222222,2
earn,0.0,0.777777777778,0.037037037037,0.0,0.037037037037,0.037037037037,0.0,0.111111111111,2
earn,0.0526315789474,0.526315789474,0.0526315789474,0.0,0.157894736842,0.0,0.0,0.210526315789,2
earn,0.0,0.631578947368,0.0,0.0,0.105263157895,0.0,0.0,0.263157894737,2
acq,0.170212765957,0.0425531914894,0.106382978723,0.106382978723,0.170212765957,0.0425531914894,0.191489361702,0.170212765957,7
crude,0.0677966101695,0.0,0.152542372881,0.169491525424,0.254237288136,0.0508474576271,0.186440677966,0.118644067797,5
acq,0.183673469388,0.0816326530612,0.102040816327,0.285714285714,0.142857142857,0.0612244897959,0.0408163265306,0.102040816327,4
earn,0.0,0.0740740740741,0.444444444444,0.111111111111,0.0740740740741,0.0,0.037037037037,0.259259259259,3
earn,0.0,0.0344827586207,0.51724137931,0.0344827586207,0.103448275862,0.0,0.0,0.310344827586,3
earn,0.0,0.733333333333,0.0666666666667,0.0666666666667,0.0666666666667,0.0,0.0,0.0666666666667,2
acq,0.176470588235,0.0392156862745,0.352941176471,0.0588235294118,0.117647058824,0.0392156862745,0.0588235294118,0.156862745098,3
earn,0.0,0.3,0.2,0.0,0.0,0.1,0.1,0.3,2
crude,0.0490196078431,0.0196078431373,0.078431372549,0.0588235294118,0.401960784314,0.147058823529,0.127450980392,0.117647058824,5
acq,0.190476190476,0.0952380952381,0.392857142857,0.047619047619,0.0595238095238,0.0833333333333,0.0595238095238,0.0714285714286,3
earn,0.051724137931,0.431034482759,0.120689655172,0.0344827586207,0.103448275862,0.0,0.0172413793103,0.241379310345,2
acq,0.144927536232,0.0289855072464,0.36231884058,0.0144927536232,0.130434782609,0.0289855072464,0.0434782608696,0.246376811594,3
acq,0.111111111111,0.0555555555556,0.5,0.037037037037,0.12962962963,0.037037037037,0.0740740740741,0.0555555555556,3
earn,0.0,0.6875,0.0625,0.0,0.0,0.0,0.0,0.25,2
earn,0.142857142857,0.535714285714,0.0,0.0,0.107142857143,0.0,0.0,0.214285714286,2
acq,0.129032258065,0.0645161290323,0.322580645161,0.0645161290323,0.0645161290323,0.0967741935484,0.0645161290323,0.193548387097,3
acq,0.15,0.05,0.5,0.1,0.075,0.0,0.025,0.1,3
acq,0.105263157895,0.0175438596491,0.473684210526,0.0,0.122807017544,0.0350877192982,0.105263157895,0.140350877193,3
earn,0.0625,0.09375,0.296875,0.0625,0.125,0.03125,0.015625,0.3125,8
acq,0.105263157895,0.00657894736842,0.335526315789,0.105263157895,0.151315789474,0.105263157895,0.0986842105263,0.0921052631579,3
ship,0.0952380952381,0.0,0.0952380952381,0.174603174603,0.0634920634921,0.285714285714,0.222222222222,0.0634920634921,6
earn,0.025641025641,0.538461538462,0.102564102564,0.0,0.102564102564,0.0,0.025641025641,0.205128205128,2
earn,0.04,0.68,0.04,0.0,0.08,0.04,0.0,0.12,2
earn,0.037037037037,0.148148148148,0.37037037037,0.0740740740741,0.111111111111,0.0,0.111111111111,0.148148148148,3
earn,0.0,0.153846153846,0.230769230769,0.0769230769231,0.0769230769231,0.0769230769231,0.0769230769231,0.307692307692,8
earn,0.0769230769231,0.0961538461538,0.153846153846,0.173076923077,0.115384615385,0.0384615384615,0.173076923077,0.173076923077,4
crude,0.0769230769231,0.017094017094,0.0854700854701,0.188034188034,0.119658119658,0.239316239316,0.119658119658,0.153846153846,6
earn,0.0,0.666666666667,0.0,0.0,0.333333333333,0.0,0.0,0.0,2
acq,0.126315789474,0.0105263157895,0.347368421053,0.0526315789474,0.189473684211,0.0105263157895,0.0736842105263,0.189473684211,3
earn,0.0882352941176,0.5,0.0588235294118,0.0,0.0882352941176,0.0,0.0882352941176,0.176470588235,2
earn,0.0,0.75,0.0,0.0,0.25,0.0,0.0,0.0,2
earn,0.0655737704918,0.540983606557,0.0819672131148,0.016393442623,0.131147540984,0.016393442623,0.016393442623,0.131147540984,2
trade,0.0434782608696,0.0248447204969,0.136645962733,0.0807453416149,0.298136645963,0.0993788819876,0.223602484472,0.0931677018634,5
earn,0.0869565217391,0.45652173913,0.0217391304348,0.0217391304348,0.0869565217391,0.0652173913043,0.0,0.260869565217,2
interest,0.0833333333333,0.0,0.0833333333333,0.0,0.583333333333,0.0,0.0,0.25,5
interest,0.230769230769,0.0,0.0769230769231,0.0769230769231,0.384615384615,0.0,0.153846153846,0.0769230769231,5
money-fx,0.0277777777778,0.0277777777778,0.104166666667,0.0555555555556,0.1875,0.138888888889,0.354166666667,0.104166666667,7
acq,0.186046511628,0.046511627907,0.186046511628,0.093023255814,0.232558139535,0.0697674418605,0.093023255814,0.093023255814,5
crude,0.0990990990991,0.018018018018,0.126126126126,0.396396396396,0.0990990990991,0.0720720720721,0.0900900900901,0.0990990990991,4
earn,0.0961538461538,0.5,0.0576923076923,0.0,0.0769230769231,0.0576923076923,0.0384615384615,0.173076923077,2
earn,0.143442622951,0.110655737705,0.127049180328,0.077868852459,0.19262295082,0.0614754098361,0.0819672131148,0.204918032787,8
trade,0.0434782608696,0.217391304348,0.173913043478,0.0434782608696,0.217391304348,0.0434782608696,0.0869565217391,0.173913043478,2
trade,0.0625,0.0120192307692,0.0889423076923,0.0721153846154,0.278846153846,0.125,0.276442307692,0.0841346153846,5
crude,0.0377358490566,0.0,0.0943396226415,0.169811320755,0.396226415094,0.0566037735849,0.11320754717,0.132075471698,5
acq,0.103448275862,0.0,0.172413793103,0.120689655172,0.155172413793,0.155172413793,0.155172413793,0.137931034483,3
acq,0.166666666667,0.0555555555556,0.166666666667,0.111111111111,0.222222222222,0.0185185185185,0.111111111111,0.148148148148,5
acq,0.145833333333,0.0416666666667,0.166666666667,0.0625,0.1875,0.125,0.0833333333333,0.1875,5
crude,0.102040816327,0.0,0.183673469388,0.122448979592,0.265306122449,0.163265306122,0.122448979592,0.0408163265306,5
earn,0.0,0.166666666667,0.0,0.0,0.166666666667,0.166666666667,0.166666666667,0.333333333333,8
crude,0.0598290598291,0.017094017094,0.034188034188,0.153846153846,0.17094017094,0.213675213675,0.128205128205,0.222222222222,8
earn,0.0666666666667,0.344444444444,0.0555555555556,0.0222222222222,0.1,0.0777777777778,0.0444444444444,0.288888888889,2
acq,0.0980392156863,0.0588235294118,0.254901960784,0.078431372549,0.186274509804,0.0980392156863,0.0833333333333,0.142156862745,3
acq,0.0208333333333,0.104166666667,0.3125,0.166666666667,0.104166666667,0.0208333333333,0.125,0.145833333333,3
earn,0.0384615384615,0.5,0.0384615384615,0.115384615385,0.0384615384615,0.0,0.0769230769231,0.192307692308,2
ship,0.0409836065574,0.0245901639344,0.0819672131148,0.114754098361,0.114754098361,0.327868852459,0.16393442623,0.131147540984,6
earn,0.147727272727,0.102272727273,0.147727272727,0.0909090909091,0.102272727273,0.0795454545455,0.113636363636,0.215909090909,8
earn,0.0769230769231,0.692307692308,0.153846153846,0.0769230769231,0.0,0.0,0.0,0.0,2
acq,0.1875,0.0625,0.3125,0.0416666666667,0.0625,0.145833333333,0.104166666667,0.0833333333333,3
earn,0.2,0.2,0.0,0.0,0.0,0.2,0.2,0.2,1
acq,0.154639175258,0.020618556701,0.154639175258,0.0824742268041,0.164948453608,0.340206185567,0.0309278350515,0.0515463917526,6
earn,0.105882352941,0.0294117647059,0.182352941176,0.0588235294118,0.117647058824,0.0588235294118,0.0588235294118,0.388235294118,8
earn,0.111111111111,0.0833333333333,0.0833333333333,0.0277777777778,0.388888888889,0.0555555555556,0.0555555555556,0.194444444444,5
acq,0.166666666667,0.166666666667,0.666666666667,0.0,0.0,0.0,0.0,0.0,3
earn,0.0322580645161,0.516129032258,0.129032258065,0.0645161290323,0.0322580645161,0.0322580645161,0.0645161290323,0.129032258065,2
trade,0.0560747663551,0.00934579439252,0.102803738318,0.0280373831776,0.289719626168,0.0934579439252,0.355140186916,0.0654205607477,7
earn,0.0909090909091,0.121212121212,0.151515151515,0.0606060606061,0.0909090909091,0.0606060606061,0.0909090909091,0.333333333333,8
earn,0.0238095238095,0.690476190476,0.0238095238095,0.0,0.0,0.0238095238095,0.0,0.238095238095,2
acq,0.05,0.0166666666667,0.416666666667,0.0833333333333,0.15,0.133333333333,0.0666666666667,0.0833333333333,3
earn,0.047619047619,0.404761904762,0.0952380952381,0.047619047619,0.0952380952381,0.047619047619,0.0238095238095,0.238095238095,2
earn,0.0769230769231,0.461538461538,0.0384615384615,0.0769230769231,0.0769230769231,0.0384615384615,0.0769230769231,0.153846153846,2
earn,0.0769230769231,0.692307692308,0.0769230769231,0.0,0.153846153846,0.0,0.0,0.0,2
earn,0.04,0.56,0.04,0.0,0.24,0.0,0.0,0.12,2
earn,0.0655737704918,0.55737704918,0.0,0.016393442623,0.114754098361,0.0,0.016393442623,0.229508196721,2
earn,0.047619047619,0.380952380952,0.142857142857,0.0952380952381,0.047619047619,0.0,0.047619047619,0.238095238095,2
earn,0.0769230769231,0.0615384615385,0.276923076923,0.0461538461538,0.138461538462,0.0615384615385,0.0769230769231,0.261538461538,3
earn,0.206896551724,0.206896551724,0.103448275862,0.0689655172414,0.172413793103,0.0,0.0,0.241379310345,8
earn,0.0,0.666666666667,0.0,0.0,0.133333333333,0.0666666666667,0.0,0.133333333333,2
earn,0.155440414508,0.0569948186528,0.103626943005,0.0673575129534,0.238341968912,0.0569948186528,0.0880829015544,0.233160621762,5
acq,0.0869565217391,0.173913043478,0.239130434783,0.108695652174,0.108695652174,0.0434782608696,0.0869565217391,0.152173913043,3
trade,0.0851063829787,0.0141843971631,0.0567375886525,0.0425531914894,0.262411347518,0.148936170213,0.326241134752,0.063829787234,7
earn,0.0816326530612,0.163265306122,0.0204081632653,0.142857142857,0.122448979592,0.0204081632653,0.163265306122,0.285714285714,8
acq,0.205128205128,0.0512820512821,0.25641025641,0.0512820512821,0.128205128205,0.025641025641,0.0769230769231,0.205128205128,3
acq,0.261904761905,0.0714285714286,0.214285714286,0.047619047619,0.166666666667,0.0952380952381,0.0238095238095,0.119047619048,1
earn,0.0,0.631578947368,0.0526315789474,0.0,0.0526315789474,0.0,0.0,0.263157894737,2
acq,0.2,0.0,0.32,0.08,0.04,0.04,0.24,0.08,3
earn,0.116883116883,0.181818181818,0.220779220779,0.025974025974,0.103896103896,0.038961038961,0.025974025974,0.285714285714,8
earn,0.0659340659341,0.0879120879121,0.131868131868,0.0659340659341,0.241758241758,0.0549450549451,0.120879120879,0.230769230769,5
ship,0.188405797101,0.0579710144928,0.188405797101,0.0579710144928,0.173913043478,0.130434782609,0.0869565217391,0.115942028986,1
earn,0.190476190476,0.380952380952,0.0952380952381,0.0238095238095,0.047619047619,0.0,0.0238095238095,0.238095238095,2
earn,0.0833333333333,0.375,0.208333333333,0.0416666666667,0.0416666666667,0.0416666666667,0.0833333333333,0.125,2
earn,0.0,0.222222222222,0.444444444444,0.0,0.0,0.111111111111,0.0,0.222222222222,3
earn,0.0,0.363636363636,0.0,0.181818181818,0.181818181818,0.0,0.0,0.272727272727,2
earn,0.0,0.684210526316,0.105263157895,0.0,0.0,0.0526315789474,0.0,0.157894736842,2
earn,0.0769230769231,0.230769230769,0.461538461538,0.0769230769231,0.0,0.0384615384615,0.0,0.115384615385,3
acq,0.03125,0.0,0.5625,0.03125,0.0625,0.09375,0.09375,0.125,3
acq,0.0609756097561,0.0365853658537,0.170731707317,0.0853658536585,0.109756097561,0.134146341463,0.30487804878,0.0975609756098,7
interest,0.0363636363636,0.0,0.0909090909091,0.0181818181818,0.563636363636,0.0181818181818,0.0545454545455,0.218181818182,5
earn,0.142857142857,0.326530612245,0.0918367346939,0.0612244897959,0.102040816327,0.0408163265306,0.0102040816327,0.224489795918,2
earn,0.0636363636364,0.327272727273,0.1,0.0363636363636,0.145454545455,0.0363636363636,0.00909090909091,0.281818181818,2
earn,0.0666666666667,0.733333333333,0.0,0.0,0.0,0.0,0.0666666666667,0.133333333333,2
money-fx,0.0704225352113,0.0422535211268,0.112676056338,0.056338028169,0.253521126761,0.0704225352113,0.30985915493,0.0845070422535,7
earn,0.0,0.333333333333,0.25,0.0,0.0,0.0833333333333,0.0833333333333,0.25,2
earn,0.166666666667,0.166666666667,0.0,0.333333333333,0.0,0.0,0.166666666667,0.166666666667,4
earn,0.0416666666667,0.5,0.0416666666667,0.0,0.0833333333333,0.0833333333333,0.0833333333333,0.166666666667,2
acq,0.185185185185,0.0,0.111111111111,0.148148148148,0.037037037037,0.203703703704,0.111111111111,0.203703703704,6
earn,0.0909090909091,0.454545454545,0.0227272727273,0.0,0.159090909091,0.0454545454545,0.0454545454545,0.181818181818,2
acq,0.101265822785,0.0759493670886,0.240506329114,0.0886075949367,0.0759493670886,0.101265822785,0.0632911392405,0.253164556962,8
